% 
f1 = 700;
f2 = 4 * (10^4);
